----- READING DATA SET: X-n21.vrp
----- FLEET SIZE WAS NOT SPECIFIED: DEFAULT INITIALIZATION TO 9 VEHICLES
----- INSTANCE LOADED WITH 20 CLIENTS AND 9 VEHICLES
----- BUILDING INITIAL POPULATION
----- STARTING GENETIC ALGORITHM
It      0      2 | T(s) 0.00 | Feas 61 7308.00 7332.96 | Inf 35 7265.63 7358.76 | Div 0.17 0.38 | Feas 0.25 1.00 | Pen 10.23 0.85
----- GENETIC ALGORITHM FINISHED, TIME SPENT: 0
nodelist.size() = 4
20 5 12 0 
qubo_ene = 732055.0
qubo_ene = -98856.0
1 0 0 	20
0 0 1 	5
0 1 0 	12
0 0 0 	0
new route: 20 5 12 
nodelist.size() = 4
20 5 12 0 
qubo_ene = 732055.0
qubo_ene = -98856.0
1 0 0 	20
0 0 1 	5
0 1 0 	12
0 0 0 	0
new route: 20 5 12 
nodelist.size() = 4
20 5 12 0 
qubo_ene = 732055.0
qubo_ene = -98856.0
1 0 0 	20
0 0 1 	5
0 1 0 	12
0 0 0 	0
new route: 20 5 12 
nodelist.size() = 4
20 5 12 0 
qubo_ene = 732055.0
qubo_ene = -98856.0
1 0 0 	20
0 0 1 	5
0 1 0 	12
0 0 0 	0
new route: 20 5 12 
nodelist.size() = 4
20 5 12 0 
qubo_ene = 732055.0
qubo_ene = -98856.0
1 0 0 	20
0 0 1 	5
0 1 0 	12
0 0 0 	0
new route: 20 5 12 
nodelist.size() = 9
20 5 12 4 15 9 13 16 0 
qubo_ene = 61427298.0
qubo_ene = -298147.0
1 0 0 0 0 0 0 0 	20
0 1 0 0 0 0 0 0 	5
0 0 0 0 0 0 0 0 	12
0 1 0 0 0 0 0 0 	4
0 0 1 0 0 0 0 0 	15
0 0 0 0 0 0 0 0 	9
0 0 0 0 0 0 0 0 	13
0 0 0 0 0 0 0 0 	16
0 0 0 1 1 1 1 1 	0
Invalid Result
nodelist.size() = 9
20 5 12 4 15 9 13 16 0 
qubo_ene = 61427298.0
qubo_ene = -296141.0
0 0 0 0 0 0 0 0 	20
0 0 0 0 0 0 0 0 	5
0 1 0 0 0 0 0 0 	12
1 0 0 0 0 0 0 0 	4
0 0 1 0 0 0 0 0 	15
0 0 0 0 0 0 0 0 	9
0 0 1 0 0 0 0 0 	13
0 0 0 0 0 0 0 0 	16
0 0 0 1 1 1 1 1 	0
Invalid Result
nodelist.size() = 9
20 5 12 4 15 9 13 16 0 
qubo_ene = 53605971.0
qubo_ene = -341429.0
1 0 0 0 0 0 0 0 	20
0 1 0 0 0 0 0 0 	5
0 0 0 0 0 0 0 0 	12
0 0 0 0 0 0 0 0 	4
0 0 1 0 0 0 0 0 	15
0 0 0 0 0 0 0 0 	9
0 0 0 1 0 0 0 0 	13
0 0 0 0 0 0 0 0 	16
0 0 0 0 1 1 1 1 	0
new route: 20 5 15 13 
nodelist.size() = 9
20 5 12 4 15 9 13 16 0 
qubo_ene = 53605971.0
qubo_ene = -341429.0
1 0 0 0 0 0 0 0 	20
0 1 0 0 0 0 0 0 	5
0 0 0 0 0 0 0 0 	12
0 0 0 0 0 0 0 0 	4
0 0 1 0 0 0 0 0 	15
0 0 0 0 0 0 0 0 	9
0 0 0 1 0 0 0 0 	13
0 0 0 0 0 0 0 0 	16
0 0 0 0 1 1 1 1 	0
new route: 20 5 15 13 
nodelist.size() = 9
20 5 12 4 15 9 13 16 0 
qubo_ene = 53605971.0
qubo_ene = -341429.0
1 0 0 0 0 0 0 0 	20
0 1 0 0 0 0 0 0 	5
0 0 0 0 0 0 0 0 	12
0 0 0 0 0 0 0 0 	4
0 0 1 0 0 0 0 0 	15
0 0 0 0 0 0 0 0 	9
0 0 0 1 0 0 0 0 	13
0 0 0 0 0 0 0 0 	16
0 0 0 0 1 1 1 1 	0
new route: 20 5 15 13 
nodelist.size() = 9
20 5 12 14 7 13 10 6 0 
qubo_ene = 44387687.0
qubo_ene = -336754.0
0 0 0 0 0 0 0 0 	20
1 0 0 0 0 0 0 0 	5
0 1 0 0 0 0 0 0 	12
0 0 1 0 0 0 0 0 	14
0 0 0 0 0 0 0 0 	7
0 0 0 0 0 0 0 0 	13
0 0 0 0 0 0 0 0 	10
0 0 0 0 0 0 0 0 	6
0 0 0 1 1 1 1 1 	0
new route: 5 12 14 
nodelist.size() = 9
20 5 12 14 7 13 10 6 0 
qubo_ene = 44387687.0
qubo_ene = -336754.0
0 0 0 0 0 0 0 0 	20
1 0 0 0 0 0 0 0 	5
0 1 0 0 0 0 0 0 	12
0 0 1 0 0 0 0 0 	14
0 0 0 0 0 0 0 0 	7
0 0 0 0 0 0 0 0 	13
0 0 0 0 0 0 0 0 	10
0 0 0 0 0 0 0 0 	6
0 0 0 1 1 1 1 1 	0
new route: 5 12 14 
nodelist.size() = 9
20 5 12 14 7 13 10 6 0 
qubo_ene = 44387687.0
qubo_ene = -296921.0
0 0 0 0 0 0 0 0 	20
1 0 0 0 0 0 0 0 	5
0 1 0 0 0 0 0 0 	12
0 0 1 0 0 0 0 0 	14
0 0 0 0 0 0 0 0 	7
0 1 0 0 0 0 0 0 	13
0 0 0 0 0 0 0 0 	10
0 0 0 0 0 0 0 0 	6
0 0 0 1 1 1 1 1 	0
Invalid Result
nodelist.size() = 9
20 5 12 14 7 13 10 6 0 
qubo_ene = 24115353.0
qubo_ene = -285161.0
1 0 0 0 0 0 0 0 	20
1 0 0 0 0 0 0 0 	5
0 0 0 0 0 0 0 0 	12
0 0 0 0 0 0 0 0 	14
0 0 0 0 0 0 0 0 	7
0 0 0 0 0 0 0 0 	13
0 0 0 0 0 0 0 0 	10
0 1 0 0 0 0 0 0 	6
0 0 1 1 1 1 1 1 	0
Invalid Result
nodelist.size() = 9
20 5 12 14 7 13 10 6 0 
qubo_ene = 24115353.0
qubo_ene = -285161.0
1 0 0 0 0 0 0 0 	20
1 0 0 0 0 0 0 0 	5
0 0 0 0 0 0 0 0 	12
0 0 0 0 0 0 0 0 	14
0 0 0 0 0 0 0 0 	7
0 0 0 0 0 0 0 0 	13
0 0 0 0 0 0 0 0 	10
0 1 0 0 0 0 0 0 	6
0 0 1 1 1 1 1 1 	0
Invalid Result
nodelist.size() = 5
15 1 4 18 0 
qubo_ene = 1043320.0
qubo_ene = -68194.0
0 0 0 0 	15
0 0 0 0 	1
1 0 0 0 	4
1 0 0 0 	18
0 1 1 1 	0
Invalid Result
nodelist.size() = 5
15 1 4 18 0 
qubo_ene = 1043320.0
qubo_ene = -95093.0
0 0 0 0 	15
0 1 0 0 	1
1 0 0 0 	4
1 0 0 0 	18
0 0 1 1 	0
Invalid Result
nodelist.size() = 5
15 1 4 18 0 
qubo_ene = 1043320.0
qubo_ene = -68194.0
0 0 0 0 	15
0 0 0 0 	1
1 0 0 0 	4
1 0 0 0 	18
0 1 1 1 	0
Invalid Result
nodelist.size() = 5
15 1 4 18 0 
qubo_ene = 1043320.0
qubo_ene = -68194.0
0 0 0 0 	15
0 0 0 0 	1
1 0 0 0 	4
1 0 0 0 	18
0 1 1 1 	0
Invalid Result
nodelist.size() = 5
15 1 4 18 0 
qubo_ene = 1043320.0
qubo_ene = -68194.0
0 0 0 0 	15
0 0 0 0 	1
1 0 0 0 	4
1 0 0 0 	18
0 1 1 1 	0
Invalid Result
nodelist.size() = 9
15 1 4 18 9 13 16 20 0 
qubo_ene = 21284499.0
qubo_ene = -282768.0
0 0 0 0 0 0 0 0 	15
1 0 0 0 0 0 0 0 	1
0 1 0 0 0 0 0 0 	4
0 0 0 0 0 0 0 0 	18
0 0 0 0 0 0 0 0 	9
0 0 0 0 0 0 0 0 	13
0 0 0 0 0 0 0 0 	16
0 1 0 0 0 0 0 0 	20
0 0 1 1 1 1 1 1 	0
Invalid Result
nodelist.size() = 9
15 1 4 18 9 13 16 20 0 
qubo_ene = 69015047.0
qubo_ene = -348397.0
0 1 0 0 0 0 0 0 	15
1 0 0 0 0 0 0 0 	1
0 0 1 0 0 0 0 0 	4
0 0 0 1 0 0 0 0 	18
0 0 0 0 0 0 0 0 	9
0 0 0 0 0 0 0 0 	13
0 0 0 0 0 0 0 0 	16
0 0 0 0 0 0 0 0 	20
0 0 0 0 1 1 1 1 	0
new route: 15 1 4 18 
nodelist.size() = 9
15 1 4 18 9 13 16 20 0 
qubo_ene = 69015047.0
qubo_ene = -348397.0
0 1 0 0 0 0 0 0 	15
1 0 0 0 0 0 0 0 	1
0 0 1 0 0 0 0 0 	4
0 0 0 1 0 0 0 0 	18
0 0 0 0 0 0 0 0 	9
0 0 0 0 0 0 0 0 	13
0 0 0 0 0 0 0 0 	16
0 0 0 0 0 0 0 0 	20
0 0 0 0 1 1 1 1 	0
new route: 15 1 4 18 
nodelist.size() = 9
15 1 4 18 9 13 16 20 0 
qubo_ene = 69015047.0
qubo_ene = -348397.0
0 1 0 0 0 0 0 0 	15
1 0 0 0 0 0 0 0 	1
0 0 1 0 0 0 0 0 	4
0 0 0 1 0 0 0 0 	18
0 0 0 0 0 0 0 0 	9
0 0 0 0 0 0 0 0 	13
0 0 0 0 0 0 0 0 	16
0 0 0 0 0 0 0 0 	20
0 0 0 0 1 1 1 1 	0
new route: 15 1 4 18 
nodelist.size() = 9
15 1 4 18 9 13 16 20 0 
qubo_ene = 36045265.0
qubo_ene = -348397.0
0 1 0 0 0 0 0 0 	15
1 0 0 0 0 0 0 0 	1
0 0 1 0 0 0 0 0 	4
0 0 0 1 0 0 0 0 	18
0 0 0 0 0 0 0 0 	9
0 0 0 0 0 0 0 0 	13
0 0 0 0 0 0 0 0 	16
0 0 0 0 0 0 0 0 	20
0 0 0 0 1 1 1 1 	0
new route: 15 1 4 18 
nodelist.size() = 10
15 1 4 18 14 7 13 10 6 0 
qubo_ene = 52047678.0
qubo_ene = -345337.0
0 0 0 0 0 0 0 0 0 	15
0 1 0 0 0 0 0 0 0 	1
0 1 0 0 0 0 0 0 0 	4
1 0 0 0 0 0 0 0 0 	18
0 0 0 0 0 0 0 0 0 	14
0 0 0 0 0 0 0 0 0 	7
0 0 0 0 0 0 0 0 0 	13
0 0 0 0 0 0 0 0 0 	10
0 0 0 0 0 0 0 0 0 	6
0 0 1 1 1 1 1 1 1 	0
Invalid Result
nodelist.size() = 10
15 1 4 18 14 7 13 10 6 0 
qubo_ene = 52047678.0
qubo_ene = -294315.0
0 0 0 0 0 0 0 0 0 	15
0 1 0 0 0 0 0 0 0 	1
1 0 0 0 0 0 0 0 0 	4
1 0 0 0 0 0 0 0 0 	18
0 0 0 0 0 0 0 0 0 	14
0 0 0 0 0 0 0 0 0 	7
0 0 0 0 0 0 0 0 0 	13
0 0 0 0 0 0 0 0 0 	10
0 0 0 0 0 0 0 0 0 	6
0 1 1 1 1 1 1 1 1 	0
Invalid Result
nodelist.size() = 10
15 1 4 18 14 7 13 10 6 0 
qubo_ene = 47915460.0
qubo_ene = -345093.0
0 0 0 0 0 0 0 0 0 	15
0 1 0 0 0 0 0 0 0 	1
1 0 0 0 0 0 0 0 0 	4
1 0 0 0 0 0 0 0 0 	18
0 0 0 0 0 0 0 0 0 	14
0 0 0 0 0 0 0 0 0 	7
0 0 0 0 0 0 0 0 0 	13
0 0 0 0 0 0 0 0 0 	10
0 0 0 0 0 0 0 0 0 	6
0 0 1 1 1 1 1 1 1 	0
Invalid Result
nodelist.size() = 10
15 1 4 18 14 7 13 10 6 0 
qubo_ene = 47915460.0
qubo_ene = -345093.0
0 0 0 0 0 0 0 0 0 	15
0 1 0 0 0 0 0 0 0 	1
1 0 0 0 0 0 0 0 0 	4
1 0 0 0 0 0 0 0 0 	18
0 0 0 0 0 0 0 0 0 	14
0 0 0 0 0 0 0 0 0 	7
0 0 0 0 0 0 0 0 0 	13
0 0 0 0 0 0 0 0 0 	10
0 0 0 0 0 0 0 0 0 	6
0 0 1 1 1 1 1 1 1 	0
Invalid Result
nodelist.size() = 10
15 1 4 18 14 7 13 10 6 0 
qubo_ene = 45694248.0
qubo_ene = -345093.0
0 0 0 0 0 0 0 0 0 	15
0 1 0 0 0 0 0 0 0 	1
1 0 0 0 0 0 0 0 0 	4
1 0 0 0 0 0 0 0 0 	18
0 0 0 0 0 0 0 0 0 	14
0 0 0 0 0 0 0 0 0 	7
0 0 0 0 0 0 0 0 0 	13
0 0 0 0 0 0 0 0 0 	10
0 0 0 0 0 0 0 0 0 	6
0 0 1 1 1 1 1 1 1 	0
Invalid Result
nodelist.size() = 13
15 1 4 18 10 6 14 12 11 8 19 17 0 
qubo_ene = 160334250.0
qubo_ene = -547495.0
0 0 1 0 0 0 0 0 0 0 0 0 	15
1 0 0 0 0 0 0 0 0 0 0 0 	1
0 1 0 0 0 0 0 0 0 0 0 0 	4
0 0 0 0 0 0 0 0 0 0 0 0 	18
0 0 0 0 0 0 0 0 0 0 0 0 	10
0 0 0 1 0 0 0 0 0 0 0 0 	6
0 0 0 0 1 0 0 0 0 0 0 0 	14
0 0 0 0 0 0 0 0 0 0 0 0 	12
0 0 0 0 0 0 0 0 0 0 0 0 	11
0 0 0 0 0 0 0 0 0 0 0 0 	8
0 0 0 0 0 0 0 0 0 0 0 0 	19
0 0 0 0 0 0 0 0 0 0 0 0 	17
0 0 0 0 0 1 1 1 1 1 1 1 	0
new route: 15 1 4 6 14 
nodelist.size() = 13
15 1 4 18 10 6 14 12 11 8 19 17 0 
qubo_ene = 259489331.0
qubo_ene = -495093.0
0 0 0 0 0 0 0 0 0 0 0 0 	15
0 1 0 0 0 0 0 0 0 0 0 0 	1
1 0 0 0 0 0 0 0 0 0 0 0 	4
1 0 0 0 0 0 0 0 0 0 0 0 	18
0 0 0 0 0 0 0 0 0 0 0 0 	10
0 0 0 0 0 0 0 0 0 0 0 0 	6
0 0 0 0 0 0 0 0 0 0 0 0 	14
0 0 0 0 0 0 0 0 0 0 0 0 	12
0 0 0 0 0 0 0 0 0 0 0 0 	11
0 0 0 0 0 0 0 0 0 0 0 0 	8
0 0 0 0 0 0 0 0 0 0 0 0 	19
0 0 0 0 0 0 0 0 0 0 0 0 	17
0 0 1 1 1 1 1 1 1 1 1 1 	0
Invalid Result
nodelist.size() = 13
15 1 4 18 10 6 14 12 11 8 19 17 0 
qubo_ene = 292784783.0
qubo_ene = -495093.0
0 0 0 0 0 0 0 0 0 0 0 0 	15
0 1 0 0 0 0 0 0 0 0 0 0 	1
1 0 0 0 0 0 0 0 0 0 0 0 	4
1 0 0 0 0 0 0 0 0 0 0 0 	18
0 0 0 0 0 0 0 0 0 0 0 0 	10
0 0 0 0 0 0 0 0 0 0 0 0 	6
0 0 0 0 0 0 0 0 0 0 0 0 	14
0 0 0 0 0 0 0 0 0 0 0 0 	12
0 0 0 0 0 0 0 0 0 0 0 0 	11
0 0 0 0 0 0 0 0 0 0 0 0 	8
0 0 0 0 0 0 0 0 0 0 0 0 	19
0 0 0 0 0 0 0 0 0 0 0 0 	17
0 0 1 1 1 1 1 1 1 1 1 1 	0
Invalid Result
nodelist.size() = 13
15 1 4 18 10 6 14 12 11 8 19 17 0 
qubo_ene = 213043476.0
qubo_ene = -495093.0
0 0 0 0 0 0 0 0 0 0 0 0 	15
0 1 0 0 0 0 0 0 0 0 0 0 	1
1 0 0 0 0 0 0 0 0 0 0 0 	4
1 0 0 0 0 0 0 0 0 0 0 0 	18
0 0 0 0 0 0 0 0 0 0 0 0 	10
0 0 0 0 0 0 0 0 0 0 0 0 	6
0 0 0 0 0 0 0 0 0 0 0 0 	14
0 0 0 0 0 0 0 0 0 0 0 0 	12
0 0 0 0 0 0 0 0 0 0 0 0 	11
0 0 0 0 0 0 0 0 0 0 0 0 	8
0 0 0 0 0 0 0 0 0 0 0 0 	19
0 0 0 0 0 0 0 0 0 0 0 0 	17
0 0 1 1 1 1 1 1 1 1 1 1 	0
Invalid Result
nodelist.size() = 13
15 1 4 18 10 6 14 12 11 8 19 17 0 
qubo_ene = 274043726.0
qubo_ene = -495337.0
0 0 0 0 0 0 0 0 0 0 0 0 	15
0 1 0 0 0 0 0 0 0 0 0 0 	1
0 1 0 0 0 0 0 0 0 0 0 0 	4
1 0 0 0 0 0 0 0 0 0 0 0 	18
0 0 0 0 0 0 0 0 0 0 0 0 	10
0 0 0 0 0 0 0 0 0 0 0 0 	6
0 0 0 0 0 0 0 0 0 0 0 0 	14
0 0 0 0 0 0 0 0 0 0 0 0 	12
0 0 0 0 0 0 0 0 0 0 0 0 	11
0 0 0 0 0 0 0 0 0 0 0 0 	8
0 0 0 0 0 0 0 0 0 0 0 0 	19
0 0 0 0 0 0 0 0 0 0 0 0 	17
0 0 1 1 1 1 1 1 1 1 1 1 	0
Invalid Result
nodelist.size() = 4
9 16 13 0 
qubo_ene = 603294.0
qubo_ene = -98480.0
0 1 0 	9
0 0 1 	16
1 0 0 	13
0 0 0 	0
new route: 9 16 13 
nodelist.size() = 4
9 16 13 0 
qubo_ene = 603294.0
qubo_ene = -98480.0
0 1 0 	9
0 0 1 	16
1 0 0 	13
0 0 0 	0
new route: 9 16 13 
nodelist.size() = 4
9 16 13 0 
qubo_ene = 603294.0
qubo_ene = -98480.0
0 1 0 	9
0 0 1 	16
1 0 0 	13
0 0 0 	0
new route: 9 16 13 
nodelist.size() = 4
9 16 13 0 
qubo_ene = 603294.0
qubo_ene = -98480.0
0 1 0 	9
0 0 1 	16
1 0 0 	13
0 0 0 	0
new route: 9 16 13 
nodelist.size() = 4
9 16 13 0 
qubo_ene = 603294.0
qubo_ene = -98480.0
0 1 0 	9
0 0 1 	16
1 0 0 	13
0 0 0 	0
new route: 9 16 13 
nodelist.size() = 7
9 16 13 4 15 20 0 
qubo_ene = 18889064.0
qubo_ene = -175258.0
1 0 0 0 0 0 	9
1 0 0 0 0 0 	16
0 0 0 0 0 0 	13
0 0 0 0 0 0 	4
0 0 0 0 0 0 	15
0 0 0 0 0 0 	20
0 1 1 1 1 1 	0
Invalid Result
nodelist.size() = 7
9 16 13 4 15 20 0 
qubo_ene = 19938804.0
qubo_ene = -245864.0
0 1 0 0 0 0 	9
0 0 1 0 0 0 	16
1 0 0 0 0 0 	13
0 0 0 0 0 0 	4
0 0 0 1 0 0 	15
0 0 0 0 0 0 	20
0 0 0 0 1 1 	0
Invalid Result
nodelist.size() = 7
9 16 13 4 15 20 0 
qubo_ene = 19938804.0
qubo_ene = -245864.0
0 1 0 0 0 0 	9
0 0 1 0 0 0 	16
1 0 0 0 0 0 	13
0 0 0 0 0 0 	4
0 0 0 1 0 0 	15
0 0 0 0 0 0 	20
0 0 0 0 1 1 	0
Invalid Result
nodelist.size() = 7
9 16 13 4 15 20 0 
qubo_ene = 19938804.0
qubo_ene = -245864.0
0 1 0 0 0 0 	9
0 0 1 0 0 0 	16
1 0 0 0 0 0 	13
0 0 0 0 0 0 	4
0 0 0 1 0 0 	15
0 0 0 0 0 0 	20
0 0 0 0 1 1 	0
Invalid Result
nodelist.size() = 7
9 16 13 4 15 20 0 
qubo_ene = 19938804.0
qubo_ene = -245864.0
0 1 0 0 0 0 	9
0 0 1 0 0 0 	16
1 0 0 0 0 0 	13
0 0 0 0 0 0 	4
0 0 0 1 0 0 	15
0 0 0 0 0 0 	20
0 0 0 0 1 1 	0
Invalid Result
nodelist.size() = 8
9 16 13 14 7 10 6 0 
qubo_ene = 38537148.0
qubo_ene = -225258.0
1 0 0 0 0 0 0 	9
1 0 0 0 0 0 0 	16
0 0 0 0 0 0 0 	13
0 0 0 0 0 0 0 	14
0 0 0 0 0 0 0 	7
0 0 0 0 0 0 0 	10
0 0 0 0 0 0 0 	6
0 1 1 1 1 1 1 	0
Invalid Result
nodelist.size() = 8
9 16 13 14 7 10 6 0 
qubo_ene = 38537148.0
qubo_ene = -243241.0
1 0 0 0 0 0 0 	9
1 0 0 0 0 0 0 	16
0 0 0 0 0 0 0 	13
0 1 0 0 0 0 0 	14
0 0 0 0 0 0 0 	7
0 0 0 0 0 0 0 	10
0 0 0 0 0 0 0 	6
0 0 1 1 1 1 1 	0
Invalid Result
nodelist.size() = 8
9 16 13 14 7 10 6 0 
qubo_ene = 38537148.0
qubo_ene = -225258.0
1 0 0 0 0 0 0 	9
1 0 0 0 0 0 0 	16
0 0 0 0 0 0 0 	13
0 0 0 0 0 0 0 	14
0 0 0 0 0 0 0 	7
0 0 0 0 0 0 0 	10
0 0 0 0 0 0 0 	6
0 1 1 1 1 1 1 	0
Invalid Result
nodelist.size() = 8
9 16 13 14 7 10 6 0 
qubo_ene = 28605130.0
qubo_ene = -291482.0
0 1 0 0 0 0 0 	9
0 0 1 0 0 0 0 	16
1 0 0 0 0 0 0 	13
0 0 0 1 0 0 0 	14
0 0 0 0 0 0 0 	7
0 0 0 0 0 0 0 	10
0 0 0 0 0 0 0 	6
0 0 0 0 1 1 1 	0
Invalid Result
nodelist.size() = 8
9 16 13 14 7 10 6 0 
qubo_ene = 28605130.0
qubo_ene = -291482.0
0 1 0 0 0 0 0 	9
0 0 1 0 0 0 0 	16
1 0 0 0 0 0 0 	13
0 0 0 1 0 0 0 	14
0 0 0 0 0 0 0 	7
0 0 0 0 0 0 0 	10
0 0 0 0 0 0 0 	6
0 0 0 0 1 1 1 	0
Invalid Result
nodelist.size() = 5
6 2 7 10 0 
qubo_ene = 1965266.0
qubo_ene = -97431.0
1 0 0 0 	6
0 1 0 0 	2
0 0 0 0 	7
1 0 0 0 	10
0 0 1 1 	0
Invalid Result
nodelist.size() = 5
6 2 7 10 0 
qubo_ene = 1965266.0
qubo_ene = -97431.0
1 0 0 0 	6
0 1 0 0 	2
0 0 0 0 	7
1 0 0 0 	10
0 0 1 1 	0
Invalid Result
nodelist.size() = 5
6 2 7 10 0 
qubo_ene = 1965266.0
qubo_ene = -68628.0
1 0 0 0 	6
0 0 0 0 	2
0 0 0 0 	7
1 0 0 0 	10
0 1 1 1 	0
Invalid Result
nodelist.size() = 5
6 2 7 10 0 
qubo_ene = 1965266.0
qubo_ene = -68628.0
1 0 0 0 	6
0 0 0 0 	2
0 0 0 0 	7
1 0 0 0 	10
0 1 1 1 	0
Invalid Result
nodelist.size() = 5
6 2 7 10 0 
qubo_ene = 1965266.0
qubo_ene = -68628.0
1 0 0 0 	6
0 0 0 0 	2
0 0 0 0 	7
1 0 0 0 	10
0 1 1 1 	0
Invalid Result
nodelist.size() = 11
6 2 7 10 4 15 9 13 16 20 0 
qubo_ene = 97158273.0
qubo_ene = -445779.0
1 0 0 0 0 0 0 0 0 0 	6
0 1 0 0 0 0 0 0 0 0 	2
0 0 1 0 0 0 0 0 0 0 	7
0 0 0 1 0 0 0 0 0 0 	10
0 0 0 0 0 0 0 0 0 0 	4
0 0 0 0 1 0 0 0 0 0 	15
0 0 0 0 0 0 0 0 0 0 	9
0 0 0 0 0 0 0 0 0 0 	13
0 0 0 0 0 0 0 0 0 0 	16
0 0 0 0 0 0 0 0 0 0 	20
0 0 0 0 0 1 1 1 1 1 	0
Invalid Result
nodelist.size() = 11
6 2 7 10 4 15 9 13 16 20 0 
qubo_ene = 112113223.0
qubo_ene = -297330.0
1 1 0 0 0 0 0 0 0 0 	6
0 0 1 0 0 0 0 0 0 0 	2
0 0 0 0 0 0 0 0 0 0 	7
0 0 0 0 0 0 0 0 0 0 	10
0 0 0 0 0 0 0 0 0 0 	4
0 0 0 0 0 0 0 0 0 0 	15
0 0 0 0 0 0 0 0 0 0 	9
0 0 0 0 0 0 0 0 0 0 	13
0 0 0 0 0 0 0 0 0 0 	16
0 0 0 0 1 0 0 0 0 0 	20
0 0 0 0 0 1 1 1 1 1 	0
Invalid Result
nodelist.size() = 11
6 2 7 10 4 15 9 13 16 20 0 
qubo_ene = 81936002.0
qubo_ene = -448237.0
0 0 1 0 0 0 0 0 0 0 	6
0 1 0 0 0 0 0 0 0 0 	2
0 0 0 0 0 0 0 0 0 0 	7
1 0 0 0 0 0 0 0 0 0 	10
0 0 0 0 0 0 0 0 0 0 	4
0 0 0 0 0 0 0 0 0 0 	15
0 0 0 0 0 0 0 0 0 0 	9
0 0 0 0 0 0 0 0 0 0 	13
0 0 0 0 0 0 0 0 0 0 	16
0 0 0 0 0 0 0 0 0 0 	20
0 0 0 1 1 1 1 1 1 1 	0
new route: 6 2 10 
nodelist.size() = 11
6 2 7 10 4 15 9 13 16 20 0 
qubo_ene = 81936002.0
qubo_ene = -446649.0
0 0 0 0 0 0 0 0 0 0 	6
0 1 0 0 0 0 0 0 0 0 	2
0 0 0 0 0 0 0 0 0 0 	7
1 0 0 0 0 0 0 0 0 0 	10
0 0 1 0 0 0 0 0 0 0 	4
0 0 0 0 0 0 0 0 0 0 	15
0 0 0 0 0 0 0 0 0 0 	9
0 0 0 0 0 0 0 0 0 0 	13
0 0 0 0 0 0 0 0 0 0 	16
0 0 0 0 0 0 0 0 0 0 	20
0 0 0 1 1 1 1 1 1 1 	0
Invalid Result
nodelist.size() = 11
6 2 7 10 4 15 9 13 16 20 0 
qubo_ene = 106316756.0
qubo_ene = -426696.0
1 0 0 0 0 0 0 0 0 0 	6
0 1 0 0 0 0 0 0 0 0 	2
0 0 1 0 0 0 0 0 0 0 	7
0 0 0 0 0 0 0 0 0 0 	10
0 0 0 1 0 0 0 0 0 0 	4
0 0 0 0 1 0 0 0 0 0 	15
0 0 0 0 0 0 0 0 0 0 	9
0 0 0 0 0 0 0 0 0 0 	13
0 0 0 0 0 0 0 0 0 0 	16
0 0 0 0 0 1 0 0 0 0 	20
0 0 0 0 0 0 1 1 1 1 	0
Invalid Result
nodelist.size() = 7
6 2 7 10 14 13 0 
qubo_ene = 17523268.0
qubo_ene = -241970.0
0 1 0 0 0 0 	6
0 0 1 0 0 0 	2
0 0 0 1 0 0 	7
1 0 0 0 0 0 	10
0 0 0 0 1 0 	14
0 0 0 0 0 0 	13
0 0 0 0 0 1 	0
Invalid Result
nodelist.size() = 7
6 2 7 10 14 13 0 
qubo_ene = 17523268.0
qubo_ene = -191015.0
0 1 0 0 0 0 	6
0 0 1 0 0 0 	2
0 0 0 1 0 0 	7
0 0 0 0 0 0 	10
0 0 0 0 1 0 	14
0 0 0 0 0 1 	13
0 0 0 0 0 0 	0
Invalid Result
nodelist.size() = 7
6 2 7 10 14 13 0 
qubo_ene = 17523268.0
qubo_ene = -241970.0
0 1 0 0 0 0 	6
0 0 1 0 0 0 	2
0 0 0 1 0 0 	7
1 0 0 0 0 0 	10
0 0 0 0 1 0 	14
0 0 0 0 0 0 	13
0 0 0 0 0 1 	0
Invalid Result
nodelist.size() = 7
6 2 7 10 14 13 0 
qubo_ene = 17523268.0
qubo_ene = -191015.0
0 1 0 0 0 0 	6
0 0 1 0 0 0 	2
0 0 0 1 0 0 	7
0 0 0 0 0 0 	10
0 0 0 0 1 0 	14
0 0 0 0 0 1 	13
0 0 0 0 0 0 	0
Invalid Result
nodelist.size() = 7
6 2 7 10 14 13 0 
qubo_ene = 17523268.0
qubo_ene = -191015.0
0 1 0 0 0 0 	6
0 0 1 0 0 0 	2
0 0 0 1 0 0 	7
0 0 0 0 0 0 	10
0 0 0 0 1 0 	14
0 0 0 0 0 1 	13
0 0 0 0 0 0 	0
Invalid Result
nodelist.size() = 11
6 2 7 10 14 12 11 8 19 17 0 
qubo_ene = 99940952.0
qubo_ene = -448292.0
0 1 0 0 0 0 0 0 0 0 	6
1 0 0 0 0 0 0 0 0 0 	2
0 0 0 0 0 0 0 0 0 0 	7
0 0 0 0 0 0 0 0 0 0 	10
0 0 1 0 0 0 0 0 0 0 	14
0 0 0 0 0 0 0 0 0 0 	12
0 0 0 0 0 0 0 0 0 0 	11
0 0 0 0 0 0 0 0 0 0 	8
0 0 0 0 0 0 0 0 0 0 	19
0 0 0 1 0 0 0 0 0 0 	17
0 0 0 0 1 1 1 1 1 1 	0
new route: 6 2 14 17 
nodelist.size() = 11
6 2 7 10 14 12 11 8 19 17 0 
qubo_ene = 101466640.0
qubo_ene = -424738.0
1 0 0 0 0 0 0 0 0 0 	6
0 1 0 0 0 0 0 0 0 0 	2
0 0 1 0 0 0 0 0 0 0 	7
0 0 0 0 0 0 0 0 0 0 	10
0 0 0 1 0 0 0 0 0 0 	14
0 0 0 0 0 0 0 0 0 0 	12
0 0 0 0 1 0 0 0 0 0 	11
0 0 0 0 0 0 0 0 0 0 	8
0 0 0 0 0 0 0 0 0 0 	19
0 0 0 0 0 0 0 0 0 0 	17
0 0 0 0 0 1 1 1 1 1 	0
new route: 6 2 7 14 11 
nodelist.size() = 11
6 2 7 10 14 12 11 8 19 17 0 
qubo_ene = 101466640.0
qubo_ene = -424738.0
1 0 0 0 0 0 0 0 0 0 	6
0 1 0 0 0 0 0 0 0 0 	2
0 0 1 0 0 0 0 0 0 0 	7
0 0 0 0 0 0 0 0 0 0 	10
0 0 0 1 0 0 0 0 0 0 	14
0 0 0 0 0 0 0 0 0 0 	12
0 0 0 0 1 0 0 0 0 0 	11
0 0 0 0 0 0 0 0 0 0 	8
0 0 0 0 0 0 0 0 0 0 	19
0 0 0 0 0 0 0 0 0 0 	17
0 0 0 0 0 1 1 1 1 1 	0
new route: 6 2 7 14 11 
nodelist.size() = 11
6 2 7 10 14 12 11 8 19 17 0 
qubo_ene = 98271398.0
qubo_ene = -439371.0
0 0 0 0 0 0 0 0 0 0 	6
0 1 0 0 0 0 0 0 0 0 	2
0 0 0 0 0 0 0 0 0 0 	7
1 0 0 0 0 0 0 0 0 0 	10
0 0 1 0 0 0 0 0 0 0 	14
0 0 0 0 0 0 0 0 0 0 	12
0 0 0 0 0 0 0 0 0 0 	11
0 0 0 0 0 0 0 0 0 0 	8
0 0 0 0 0 0 0 0 0 0 	19
0 0 0 0 0 0 0 0 0 0 	17
0 0 0 1 1 1 1 1 1 1 	0
new route: 2 10 14 
nodelist.size() = 11
6 2 7 10 14 12 11 8 19 17 0 
qubo_ene = 72725046.0
qubo_ene = -397286.0
0 0 0 0 0 0 0 0 0 0 	6
0 1 0 0 0 0 0 0 0 0 	2
0 0 0 0 0 0 0 0 0 0 	7
1 0 0 0 0 0 0 0 0 0 	10
0 0 0 0 0 0 0 0 0 0 	14
0 0 0 0 0 0 0 0 0 0 	12
0 0 0 0 0 0 0 0 0 0 	11
0 0 0 0 0 0 0 0 0 0 	8
0 1 0 0 0 0 0 0 0 0 	19
0 0 0 0 0 0 0 0 0 0 	17
0 0 1 1 1 1 1 1 1 1 	0
Invalid Result
nodelist.size() = 4
17 3 14 0 
qubo_ene = 548542.0
qubo_ene = -88808.0
1 0 0 	17
0 0 1 	3
0 1 0 	14
0 0 0 	0
new route: 17 3 14 
nodelist.size() = 4
17 3 14 0 
qubo_ene = 548542.0
qubo_ene = -88808.0
1 0 0 	17
0 0 1 	3
0 1 0 	14
0 0 0 	0
new route: 17 3 14 
nodelist.size() = 4
17 3 14 0 
qubo_ene = 202194.0
qubo_ene = -88839.0
1 0 0 	17
0 1 0 	3
0 0 1 	14
0 0 0 	0
new route: 17 3 14 
nodelist.size() = 4
17 3 14 0 
qubo_ene = 202194.0
qubo_ene = -88839.0
1 0 0 	17
0 1 0 	3
0 0 1 	14
0 0 0 	0
new route: 17 3 14 
nodelist.size() = 4
17 3 14 0 
qubo_ene = 202194.0
qubo_ene = -88839.0
1 0 0 	17
0 1 0 	3
0 0 1 	14
0 0 0 	0
new route: 17 3 14 
nodelist.size() = 10
17 3 14 4 15 9 13 16 20 0 
qubo_ene = 75499562.0
qubo_ene = -265886.0
1 1 0 0 0 0 0 0 0 	17
0 0 0 0 0 0 0 0 0 	3
0 0 0 0 0 0 0 0 0 	14
0 0 0 0 0 0 0 0 0 	4
0 0 0 0 0 0 0 0 0 	15
0 0 0 0 0 0 0 0 0 	9
0 0 0 0 0 0 0 0 0 	13
0 0 0 0 0 0 0 0 0 	16
0 0 0 0 0 0 0 0 0 	20
0 0 1 1 1 1 1 1 1 	0
Invalid Result
nodelist.size() = 10
17 3 14 4 15 9 13 16 20 0 
qubo_ene = 75499562.0
qubo_ene = -340768.0
1 0 0 0 0 0 0 0 0 	17
1 0 0 0 0 0 0 0 0 	3
0 1 0 0 0 0 0 0 0 	14
0 0 0 0 0 0 0 0 0 	4
0 0 0 0 0 0 0 0 0 	15
0 0 0 0 0 0 0 0 0 	9
0 0 0 0 0 0 0 0 0 	13
0 0 0 0 0 0 0 0 0 	16
0 0 1 0 0 0 0 0 0 	20
0 0 0 1 1 1 1 1 1 	0
Invalid Result
nodelist.size() = 10
17 3 14 4 15 9 13 16 20 0 
qubo_ene = 75499562.0
qubo_ene = -239252.0
1 1 0 0 0 0 0 0 0 	17
0 0 0 0 0 0 0 0 0 	3
1 0 0 0 0 0 0 0 0 	14
0 0 0 0 0 0 0 0 0 	4
0 0 0 0 0 0 0 0 0 	15
0 0 0 0 0 0 0 0 0 	9
0 0 0 0 0 0 0 0 0 	13
0 0 0 0 0 0 0 0 0 	16
0 0 0 0 0 0 0 0 0 	20
0 0 1 1 1 1 1 1 1 	0
Invalid Result
nodelist.size() = 10
17 3 14 4 15 9 13 16 20 0 
qubo_ene = 70866492.0
qubo_ene = -292938.0
1 0 0 0 0 0 0 0 0 	17
0 1 0 0 0 0 0 0 0 	3
0 0 0 0 0 0 0 0 0 	14
0 0 0 0 0 0 0 0 0 	4
0 1 0 0 0 0 0 0 0 	15
1 0 0 0 0 0 0 0 0 	9
0 0 0 0 0 0 0 0 0 	13
0 0 0 0 0 0 0 0 0 	16
0 0 0 0 0 0 0 0 0 	20
0 0 1 1 1 1 1 1 1 	0
Invalid Result
nodelist.size() = 10
17 3 14 4 15 9 13 16 20 0 
qubo_ene = 70866492.0
qubo_ene = -347332.0
1 0 0 0 0 0 0 0 0 	17
0 1 0 0 0 0 0 0 0 	3
0 0 0 0 0 0 0 0 0 	14
0 1 0 0 0 0 0 0 0 	4
0 0 0 0 0 0 0 0 0 	15
0 0 0 0 0 0 0 0 0 	9
0 0 0 0 0 0 0 0 0 	13
0 0 0 0 0 0 0 0 0 	16
0 0 0 0 0 0 0 0 0 	20
0 0 1 1 1 1 1 1 1 	0
Invalid Result
nodelist.size() = 8
17 3 14 7 13 10 6 0 
qubo_ene = 25617880.0
qubo_ene = -293820.0
1 0 0 0 0 0 0 	17
0 1 0 0 0 0 0 	3
0 0 1 0 0 0 0 	14
0 0 0 0 0 0 0 	7
0 0 0 0 0 0 0 	13
0 0 0 0 0 0 0 	10
0 0 0 1 0 0 0 	6
0 0 0 0 1 1 1 	0
Invalid Result
nodelist.size() = 8
17 3 14 7 13 10 6 0 
qubo_ene = 25617880.0
qubo_ene = -242290.0
1 0 0 0 0 0 0 	17
0 1 0 0 0 0 0 	3
0 0 1 0 0 0 0 	14
1 0 0 0 0 0 0 	7
0 0 0 0 0 0 0 	13
0 0 0 0 0 0 0 	10
0 0 0 1 0 0 0 	6
0 0 0 0 1 1 1 	0
Invalid Result
nodelist.size() = 8
17 3 14 7 13 10 6 0 
qubo_ene = 25617880.0
qubo_ene = -293820.0
1 0 0 0 0 0 0 	17
0 1 0 0 0 0 0 	3
0 0 1 0 0 0 0 	14
0 0 0 0 0 0 0 	7
0 0 0 0 0 0 0 	13
0 0 0 0 0 0 0 	10
0 0 0 1 0 0 0 	6
0 0 0 0 1 1 1 	0
Invalid Result
nodelist.size() = 8
17 3 14 7 13 10 6 0 
qubo_ene = 25617880.0
qubo_ene = -293820.0
1 0 0 0 0 0 0 	17
0 1 0 0 0 0 0 	3
0 0 1 0 0 0 0 	14
0 0 0 0 0 0 0 	7
0 0 0 0 0 0 0 	13
0 0 0 0 0 0 0 	10
0 0 0 1 0 0 0 	6
0 0 0 0 1 1 1 	0
Invalid Result
nodelist.size() = 8
17 3 14 7 13 10 6 0 
qubo_ene = 17716600.0
qubo_ene = -214030.0
1 0 0 0 0 0 0 	17
1 0 0 0 0 0 0 	3
0 0 0 0 0 0 0 	14
0 0 0 0 0 0 0 	7
0 0 0 0 0 0 0 	13
0 0 0 0 0 0 0 	10
0 0 0 0 0 0 0 	6
0 1 1 1 1 1 1 	0
Invalid Result
nodelist.size() = 4
8 19 11 0 
qubo_ene = 55235.0
qubo_ene = -94567.0
0 0 1 	8
1 0 0 	19
0 1 0 	11
0 0 0 	0
new route: 8 19 11 
nodelist.size() = 4
8 19 11 0 
qubo_ene = 55235.0
qubo_ene = -94567.0
0 0 1 	8
1 0 0 	19
0 1 0 	11
0 0 0 	0
new route: 8 19 11 
nodelist.size() = 4
8 19 11 0 
qubo_ene = 55235.0
qubo_ene = -94567.0
0 0 1 	8
1 0 0 	19
0 1 0 	11
0 0 0 	0
new route: 8 19 11 
nodelist.size() = 4
8 19 11 0 
qubo_ene = 55235.0
qubo_ene = -94567.0
0 0 1 	8
1 0 0 	19
0 1 0 	11
0 0 0 	0
new route: 8 19 11 
nodelist.size() = 4
8 19 11 0 
qubo_ene = 55235.0
qubo_ene = -94567.0
0 0 1 	8
1 0 0 	19
0 1 0 	11
0 0 0 	0
new route: 8 19 11 
nodelist.size() = 10
8 19 11 4 15 9 13 16 20 0 
qubo_ene = 52465834.0
qubo_ene = -394097.0
1 0 0 0 0 0 0 0 0 	8
0 0 0 0 0 0 0 0 0 	19
0 0 0 0 0 0 0 0 0 	11
0 1 0 0 0 0 0 0 0 	4
0 0 0 0 0 0 0 0 0 	15
0 0 0 0 0 0 0 0 0 	9
0 0 0 0 0 0 0 0 0 	13
0 0 0 0 0 0 0 0 0 	16
0 0 1 0 0 0 0 0 0 	20
0 0 0 1 1 1 1 1 1 	0
Invalid Result
nodelist.size() = 10
8 19 11 4 15 9 13 16 20 0 
qubo_ene = 52465834.0
qubo_ene = -392701.0
1 0 0 0 0 0 0 0 0 	8
0 0 1 0 0 0 0 0 0 	19
0 0 0 0 0 0 0 0 0 	11
0 1 0 0 0 0 0 0 0 	4
0 0 0 0 0 0 0 0 0 	15
0 0 0 0 0 0 0 0 0 	9
0 0 0 0 0 0 0 0 0 	13
0 0 0 0 0 0 0 0 0 	16
0 0 0 0 0 0 0 0 0 	20
0 0 0 1 1 1 1 1 1 	0
Invalid Result
nodelist.size() = 10
8 19 11 4 15 9 13 16 20 0 
qubo_ene = 57192560.0
qubo_ene = -327770.0
1 0 0 0 0 0 0 0 0 	8
1 0 0 0 0 0 0 0 0 	19
0 0 0 0 0 0 0 0 0 	11
0 0 0 0 0 0 0 0 0 	4
0 0 0 0 0 0 0 0 0 	15
0 0 0 0 0 0 0 0 0 	9
0 0 0 0 0 0 0 0 0 	13
0 0 0 0 0 0 0 0 0 	16
0 0 0 0 0 0 0 0 0 	20
0 1 1 1 1 1 1 1 1 	0
Invalid Result
nodelist.size() = 10
8 19 11 4 15 9 13 16 20 0 
qubo_ene = 57192560.0
qubo_ene = -342271.0
1 0 0 0 0 0 0 0 0 	8
1 0 0 0 0 0 0 0 0 	19
0 0 0 0 0 0 0 0 0 	11
0 1 0 0 0 0 0 0 0 	4
0 0 0 0 0 0 0 0 0 	15
0 0 0 0 0 0 0 0 0 	9
0 0 0 0 0 0 0 0 0 	13
0 0 0 0 0 0 0 0 0 	16
0 0 0 0 0 0 0 0 0 	20
0 0 1 1 1 1 1 1 1 	0
Invalid Result
nodelist.size() = 10
8 19 11 4 15 9 13 16 20 0 
qubo_ene = 69753339.0
qubo_ene = -394567.0
1 0 0 0 0 0 0 0 0 	8
0 0 1 0 0 0 0 0 0 	19
0 1 0 0 0 0 0 0 0 	11
0 0 0 0 0 0 0 0 0 	4
0 0 0 0 0 0 0 0 0 	15
0 0 0 0 0 0 0 0 0 	9
0 0 0 0 0 0 0 0 0 	13
0 0 0 0 0 0 0 0 0 	16
0 0 0 0 0 0 0 0 0 	20
0 0 0 1 1 1 1 1 1 	0
new route: 8 19 11 
nodelist.size() = 9
8 19 11 14 7 13 10 6 0 
qubo_ene = 30794716.0
qubo_ene = -344567.0
1 0 0 0 0 0 0 0 	8
0 0 1 0 0 0 0 0 	19
0 1 0 0 0 0 0 0 	11
0 0 0 0 0 0 0 0 	14
0 0 0 0 0 0 0 0 	7
0 0 0 0 0 0 0 0 	13
0 0 0 0 0 0 0 0 	10
0 0 0 0 0 0 0 0 	6
0 0 0 1 1 1 1 1 	0
new route: 8 19 11 
nodelist.size() = 9
8 19 11 14 7 13 10 6 0 
qubo_ene = 30794716.0
qubo_ene = -293434.0
1 0 0 0 0 0 0 0 	8
0 0 1 0 0 0 0 0 	19
0 1 0 0 0 0 0 0 	11
0 0 0 0 0 0 0 0 	14
0 0 1 0 0 0 0 0 	7
0 0 0 0 0 0 0 0 	13
0 0 0 0 0 0 0 0 	10
0 0 0 0 0 0 0 0 	6
0 0 0 1 1 1 1 1 	0
Invalid Result
nodelist.size() = 9
8 19 11 14 7 13 10 6 0 
qubo_ene = 58263709.0
qubo_ene = -347948.0
1 0 0 0 0 0 0 0 	8
0 0 0 0 0 0 0 0 	19
0 0 0 0 0 0 0 0 	11
0 0 0 0 0 0 0 0 	14
0 0 0 0 0 0 0 0 	7
0 0 0 0 0 0 0 0 	13
0 1 0 0 0 0 0 0 	10
0 0 0 0 0 0 0 0 	6
0 0 1 1 1 1 1 1 	0
new route: 8 10 
nodelist.size() = 9
8 19 11 14 7 13 10 6 0 
qubo_ene = 58263709.0
qubo_ene = -347948.0
1 0 0 0 0 0 0 0 	8
0 0 0 0 0 0 0 0 	19
0 0 0 0 0 0 0 0 	11
0 0 0 0 0 0 0 0 	14
0 0 0 0 0 0 0 0 	7
0 0 0 0 0 0 0 0 	13
0 1 0 0 0 0 0 0 	10
0 0 0 0 0 0 0 0 	6
0 0 1 1 1 1 1 1 	0
new route: 8 10 
nodelist.size() = 9
8 19 11 14 7 13 10 6 0 
qubo_ene = 58263709.0
qubo_ene = -347948.0
1 0 0 0 0 0 0 0 	8
0 0 0 0 0 0 0 0 	19
0 0 0 0 0 0 0 0 	11
0 0 0 0 0 0 0 0 	14
0 0 0 0 0 0 0 0 	7
0 0 0 0 0 0 0 0 	13
0 1 0 0 0 0 0 0 	10
0 0 0 0 0 0 0 0 	6
0 0 1 1 1 1 1 1 	0
new route: 8 10 
40Route: 20 5 12 valid: 1
Route: 20 5 12 valid: 1
Route: 20 5 12 valid: 1
Route: 20 5 12 valid: 1
Route: 20 5 12 valid: 1
Route: 20 5 15 13 valid: 1
Route: 20 5 15 13 valid: 1
Route: 20 5 15 13 valid: 1
Route: 5 12 14 valid: 1
Route: 5 12 14 valid: 1
Route: 15 1 4 18 valid: 0
Route: 15 1 4 18 valid: 0
Route: 15 1 4 18 valid: 0
Route: 15 1 4 18 valid: 0
Route: 15 1 4 6 14 valid: 0
Route: 9 16 13 valid: 1
Route: 9 16 13 valid: 1
Route: 9 16 13 valid: 1
Route: 9 16 13 valid: 1
Route: 9 16 13 valid: 1
Route: 6 2 10 valid: 1
Route: 6 2 14 17 valid: 0
Route: 6 2 7 14 11 valid: 1
Route: 6 2 7 14 11 valid: 1
Route: 2 10 14 valid: 1
Route: 17 3 14 valid: 1
Route: 17 3 14 valid: 1
Route: 17 3 14 valid: 1
Route: 17 3 14 valid: 1
Route: 17 3 14 valid: 1
Route: 8 19 11 valid: 1
Route: 8 19 11 valid: 1
Route: 8 19 11 valid: 1
Route: 8 19 11 valid: 1
Route: 8 19 11 valid: 1
Route: 8 19 11 valid: 1
Route: 8 19 11 valid: 1
Route: 8 10 valid: 1
Route: 8 10 valid: 1
Route: 8 10 valid: 1

